4294967278,48
4294967278,39
4294967279,49
4294967279,44
4294967279,40
4294967279,39
4294967279,38
4294967279,37
4294967279,31
4294967278,47
4294967278,305
4294967278,158
4294967279,159
4294967278,157
4294967279,158
4294967278,156
4294967279,156
4294967279,155
4294967278,154
4294967279,154
4294967278,153
4294967279,153
4294967278,152
4294967279,152
4294967278,151
4294967279,151
4294967278,365
4294967279,34
4294967294,387
4294967279,36
4294967279,367
4294967278,284
4294967279,35
4294967279,335
4294967279,146
4294967279,366
4294967278,146
4294967294,990
4294967279,33
4294967279,365
4294967294,9
4294967294,396
4294967294,395
4294967294,113
4294967294,160
4294967294,466
4294967294,1
4294967294,462
4294967294,410
4294967278,362
4294967279,32
4294967279,290
4294967278,361
4294967294,7
4294967278,360
4294967278,301
4294967294,991
4294967294,186
4294967294,475
4294967279,304
4294967278,283
4294967279,303
4294967279,302
73,8
4294967279,138
4294967294,988
4294967294,46
4294967294,120
4294967278,291
4294967279,278
4294967278,298
4294967279,277
4294967278,135
4294967294,1022
4294967294,187
4294967294,1217
4294967294,1216
4294967294,2
4294967278,297
4294967279,133
4294967279,134
4294967278,133
4294967279,288
4294967279,299
4294967279,274
4294967278,270
73,7
73,6
73,5
73,4
73,3
73,2
73,1
4294967279,385
4294967294,0
0,7
4294967294,17
4294967279,363
4294967278,277
4294967278,359
4294967294,22
4294967294,67
4294967278,280
4294967279,362
4294967278,264
4294967279,266
4294967294,44
4294967294,53
4294967294,419
4294967294,29
4294967294,28
4294967294,27
4294967294,1020
4294967294,26
4294967294,90
4294967294,87
4294967294,84
4294967294,41
4294967294,25
4294967294,1035
4294967279,265
0,5
4294967278,334
4294967279,285
4294967294,6
4294967294,94
4294967294,93
4294967294,96
4294967278,333
4294967294,95
4294967279,284
72,6
72,5
4294967279,259
72,4
4294967278,332
4294967294,8
72,3
72,2
72,1
4294967293,131
4294967293,130
4294967293,129
4294967293,128
4294967293,127
4294967293,126
4294967293,125
4294967293,124
4294967293,123
4294967293,122
4294967293,121
4294967293,120
4294967293,119
4294967293,118
4294967293,117
4294967293,116
4294967293,115
4294967293,114
4294967293,113
4294967293,112
4294967293,111
4294967293,110
4294967293,109
4294967293,108
4294967293,107
4294967293,106
4294967293,105
4294967293,104
4294967293,103
4294967293,102
4294967293,101
4294967293,100
4294967293,99
4294967293,98
4294967293,97
4294967293,96
4294967293,95
4294967293,94
4294967293,93
4294967293,92
4294967293,91
4294967293,90
4294967293,89
4294967293,87
4294967293,86
4294967293,85
4294967293,84
4294967293,83
4294967293,82
4294967293,81
4294967293,80
4294967293,79
4294967293,78
4294967293,77
4294967293,76
4294967293,75
4294967293,74
4294967293,73
4294967293,72
4294967293,71
4294967293,70
4294967293,69
4294967293,68
4294967293,67
4294967293,66
4294967293,65
4294967293,64
4294967293,63
4294967293,62
4294967293,61
4294967293,60
4294967293,59
4294967293,58
4294967293,57
4294967293,56
4294967293,55
4294967293,54
4294967293,53
4294967293,52
4294967293,51
4294967293,50
4294967293,49
4294967293,48
4294967293,47
4294967293,46
4294967293,45
4294967293,44
4294967293,43
4294967293,42
4294967293,41
4294967293,40
4294967293,39
4294967293,38
4294967293,37
4294967293,36
4294967293,35
4294967293,34
4294967293,33
4294967293,32
4294967293,31
4294967293,30
4294967293,29
4294967293,28
4294967293,27
4294967293,26
4294967293,25
4294967293,24
4294967293,23
4294967293,22
4294967293,21
4294967293,20
4294967293,19
4294967293,18
4294967293,17
4294967293,16
4294967293,15
4294967293,14
4294967293,13
4294967293,12
4294967293,11
4294967293,10
4294967293,9
4294967293,8
4294967293,7
4294967293,6
4294967293,5
4294967293,4
4294967293,3
4294967278,38
4294967278,37
4294967278,36
4294967278,35
4294967278,34
4294967278,33
4294967278,32
4294967278,31
4294967278,30
4294967278,29
4294967278,28
4294967278,27
4294967278,26
4294967278,25
4294967278,24
4294967278,23
4294967278,22
4294967278,21
4294967278,20
4294967278,19
4294967278,18
4294967278,17
4294967278,16
4294967278,15
4294967278,14
4294967278,13
4294967278,11
4294967278,9
4294967278,8
4294967278,7
4294967278,6
4294967278,5
4294967278,4
4294967279,132
4294967279,257
4294967279,131
4294967279,130
4294967279,129
4294967279,128
4294967279,127
4294967279,126
4294967279,125
4294967279,124
4294967279,123
4294967279,122
4294967279,121
4294967279,120
4294967279,119
4294967279,118
4294967279,117
4294967279,116
4294967279,239
4294967279,114
4294967279,251
4294967279,113
4294967279,235
4294967279,112
4294967279,111
4294967279,110
4294967279,109
4294967279,108
4294967279,107
4294967279,105
4294967279,104
4294967279,103
4294967279,102
4294967279,101
4294967279,100
4294967279,96
4294967279,95
4294967279,94
4294967279,93
4294967279,92
4294967279,91
4294967279,90
4294967279,89
4294967279,87
4294967279,86
4294967279,85
4294967279,84
4294967279,83
4294967279,82
4294967279,81
4294967279,80
4294967279,79
4294967279,78
4294967279,77
4294967279,76
4294967279,75
4294967279,74
4294967279,73
4294967279,72
4294967279,71
4294967279,70
4294967279,69
4294967279,68
4294967279,67
4294967279,66
4294967279,65
4294967279,64
4294967279,63
4294967279,62
4294967279,61
4294967279,60
4294967279,59
4294967279,58
4294967279,57
4294967279,56
4294967279,55
4294967279,54
4294967279,53
4294967279,52
4294967279,51
